25
3
4
0 1 1 0
0 0 0 1
0 0 0 0
0 0 1 0
1
3 2 1 1 3 3
1 6 7
3 2 8
4 1 4
1
3 6 1 1 3 3
1 6 7
3 2 8
4 1 4
1
3 4 1 1 3 3
1 6 7
3 2 8
4 1 4
2
3 1 1 1 3 3
1 6 7
2 5 8
3 4 9
1
3 1 1 1 3 3
1 6 7
3 2 8
4 1 4
3
12
0 1 0 0 0 0 0 0 0 0 0 0
0 0 1 1 1 0 0 0 0 0 0 0
0 0 0 0 0 1 0 0 0 0 0 0
0 0 0 0 0 0 0 0 0 0 0 0
0 1 0 0 0 1 1 0 0 0 0 0
0 0 1 0 0 0 0 1 0 0 0 0
0 0 0 0 0 0 0 1 0 1 0 0
0 0 0 0 0 0 0 0 0 0 1 0
0 0 0 0 0 0 1 0 0 0 0 0
0 0 0 0 0 0 0 0 1 0 0 0
0 0 0 0 0 0 0 0 0 0 0 1
0 0 0 0 0 0 0 0 0 1 0 0
3
10
0 1 0 0 0 1 0 0 0 0
0 0 0 0 0 0 0 1 0 0
0 0 0 0 0 0 0 0 0 0
0 0 1 0 1 0 0 1 1 0
0 0 0 0 0 0 0 0 1 0
0 0 0 0 0 0 0 0 0 0
1 1 1 0 0 0 0 0 0 0
0 0 0 0 0 0 0 0 0 0
0 0 1 0 0 0 0 0 0 0
0 0 0 0 1 0 0 0 0 0
3
10
0 1 0 1 0 0 0 0 0 0
0 0 0 0 1 0 0 0 0 0
0 0 0 0 0 1 0 0 0 0
0 0 0 0 1 1 0 0 0 0
0 0 0 0 0 0 1 1 0 0
0 0 0 0 0 0 1 0 1 0
0 0 0 0 0 0 0 0 1 1
0 0 0 0 0 0 0 0 0 1
0 0 0 0 0 0 0 0 0 0
0 0 0 0 0 0 0 0 0 0
3
8
0 0 0 0 0 0 0 0
0 0 0 0 0 0 0 0
0 0 0 0 0 0 0 0
0 0 0 0 0 0 0 0
1 1 0 0 0 0 0 0
0 0 1 1 0 0 0 0
0 0 0 0 1 1 0 0
0 0 0 0 0 1 0 0
3
8
0 0 1 1 0 0 0 0
0 0 0 1 0 0 0 0
0 0 0 0 1 1 0 0
0 0 0 0 0 0 1 1
0 0 0 0 0 0 0 0
0 0 0 0 0 0 0 0
0 0 0 0 0 0 0 0
0 0 0 0 0 0 0 0
3
8
0 0 1 1 0 0 0 0
0 0 0 1 0 0 0 0
0 0 0 0 1 1 0 0
0 0 1 0 0 0 1 1
0 0 0 0 0 0 0 0
0 0 0 0 0 0 0 0
0 0 0 0 0 0 0 0
0 0 0 0 0 0 0 0
3
8
0 0 0 0 0 0 0 0
0 0 0 0 0 0 0 0
0 0 0 0 0 0 0 0
0 0 0 0 0 0 0 0
1 1 0 0 0 0 0 0
0 0 1 1 1 0 0 0
0 0 0 0 1 1 0 0
0 0 0 0 0 1 0 0
3
8
0 0 0 0 0 0 0 0
0 0 0 0 0 0 0 0
0 0 0 0 0 0 0 0
0 0 0 0 0 0 0 1
1 1 0 0 0 0 0 0
0 0 1 1 1 0 0 0
0 0 0 0 1 1 0 0
0 0 0 0 0 1 0 0
3
8
0 0 0 0 0 0 0 0
0 0 0 1 0 0 0 0
0 0 0 0 0 0 0 0
0 0 0 0 0 0 0 1
1 1 0 0 0 0 0 0
0 0 1 1 1 0 0 0
0 0 0 0 1 1 0 0
0 0 0 0 0 1 0 0
1
15 4 8 7 1 1
1 2 4 5 6 7 8 9 5 4 3 2 3 5 7
1 3 1 1 1 1 1 1 1 1 1 1 1 5 7
1 3 1 5 6 7 8 9 5 4 3 2 1 5 7
1 3 1 5 1 1 1 6 1 1 1 2 1 5 7
1 3 1 5 1 7 8 9 5 4 8 2 1 5 7
1 3 1 5 1 7 3 1 1 4 1 2 1 5 7
1 3 1 5 1 7 1 9 1 4 1 2 1 5 7
1 3 1 5 1 7 1 9 1 4 1 2 1 5 7
1 3 1 5 1 7 8 9 1 4 1 2 1 5 7
1 3 1 5 1 1 1 1 1 4 1 2 1 5 7
1 3 1 5 6 7 8 9 5 4 1 2 1 5 7
1 3 1 1 1 1 1 1 1 1 1 2 1 5 7
1 3 4 5 6 7 8 9 5 4 3 2 1 5 7
1 1 1 1 1 1 1 1 1 1 1 1 1 5 7
2 3 4 5 6 7 8 9 5 4 3 2 3 5 7
3
8
0 1 1 0 0 0 0 0
0 0 0 1 0 0 0 0
0 0 0 1 0 0 0 0
0 0 0 0 0 0 0 0
0 0 0 0 0 1 0 1
0 0 0 0 0 0 1 0
0 0 0 0 0 0 0 0
0 0 0 0 0 0 1 0
2
15 4 8 7 1 1
1 9 4 5 6 7 8 9 5 4 3 2 3 5 7
9 9 1 1 1 1 1 1 1 1 1 1 1 5 7
1 3 1 5 6 7 8 9 5 4 3 2 1 5 7
1 3 1 5 1 1 1 1 1 1 1 2 1 5 7
1 3 1 5 1 7 8 9 5 4 1 2 1 5 7
1 3 1 5 1 7 1 1 1 4 1 2 1 5 7
1 3 1 5 1 7 1 9 1 4 1 2 1 5 7
1 3 1 5 1 7 1 9 1 4 1 2 1 5 7
1 3 1 5 1 7 8 9 1 4 1 2 1 5 7
1 3 1 5 1 1 1 1 1 4 1 2 1 5 7
1 3 1 5 6 7 8 9 5 4 1 2 1 5 7
1 3 1 1 1 1 1 1 1 1 1 2 1 5 7
1 3 4 5 6 7 8 9 5 4 3 2 1 5 7
1 1 1 1 1 1 1 1 1 1 1 1 1 5 7
2 3 4 5 6 7 8 9 5 4 3 2 3 5 7
2
15 0 8 7 1 1
1 2 4 5 6 7 8 9 5 4 3 2 3 5 7
1 3 1 1 1 1 1 1 1 1 1 1 1 5 7
1 3 1 5 6 7 8 9 5 4 3 2 1 5 7
1 3 1 5 1 1 1 1 1 1 1 2 1 5 7
1 3 1 5 1 7 8 9 5 4 1 2 1 5 7
1 3 1 5 1 7 1 1 1 4 1 2 1 5 7
1 3 1 5 1 7 1 9 1 4 1 2 1 5 7
1 3 1 5 1 7 1 9 1 4 1 2 1 5 7
1 3 1 5 1 7 8 9 1 4 1 2 1 5 7
1 3 1 5 1 1 1 1 1 4 1 2 1 5 7
1 3 1 5 6 7 8 9 5 4 1 2 1 5 7
1 3 1 1 1 1 1 1 1 1 1 2 1 5 7
1 3 4 5 6 7 8 9 5 4 3 2 1 5 7
1 1 1 1 1 1 1 1 1 1 1 1 1 5 7
2 3 4 5 6 7 8 9 5 4 3 2 3 5 7
2
15 10 8 7 1 1
1 2 4 5 6 7 8 9 5 4 3 2 3 5 7
1 3 1 1 1 1 1 1 1 1 1 1 1 5 7
1 3 1 5 6 7 8 9 5 4 3 2 1 5 7
1 3 1 5 1 1 1 1 1 1 1 2 1 5 7
1 3 1 5 1 7 8 9 5 4 1 2 1 5 7
1 3 1 5 1 7 1 1 1 4 1 2 1 5 7
1 3 1 5 1 7 1 9 1 4 1 2 1 5 7
1 3 1 5 1 7 1 9 1 4 1 2 1 5 7
1 3 1 5 1 7 8 9 1 4 1 2 1 5 7
1 3 1 5 1 1 1 1 1 4 1 2 1 5 7
1 3 1 5 6 7 8 9 5 4 1 2 1 5 7
1 3 1 1 1 1 1 1 1 1 1 2 1 5 7
1 3 4 5 6 7 8 9 5 4 3 2 1 5 7
1 1 1 1 1 1 1 1 1 1 1 1 1 5 7
2 3 4 5 6 7 8 9 5 4 3 2 3 5 7
1
15 2 8 7 1 1
1 2 4 5 6 7 8 9 5 4 3 2 3 5 7
1 3 1 1 1 1 1 1 1 1 1 1 1 5 7
1 3 1 5 6 7 8 9 5 4 3 2 1 5 7
1 3 1 5 1 1 1 1 1 1 1 2 1 5 7
1 3 1 5 1 7 8 9 5 4 1 2 1 5 7
1 3 1 5 1 7 1 1 1 4 1 2 1 5 7
1 3 1 5 1 7 1 9 1 4 1 2 1 5 7
1 3 1 5 1 7 1 9 1 4 1 2 1 5 7
1 3 1 5 1 7 8 9 1 4 1 2 1 5 7
1 3 1 5 1 1 1 1 1 4 1 2 1 5 7
1 3 1 5 6 7 8 9 5 4 1 2 1 5 7
1 3 1 1 1 1 1 1 1 1 1 2 1 5 7
1 3 4 5 6 7 8 9 5 4 3 2 1 5 7
1 1 1 1 1 1 1 1 1 1 1 1 1 5 7
2 3 4 5 6 7 8 9 5 4 3 2 3 5 7
1
15 4 8 7 1 1
1 2 4 5 6 7 8 9 5 4 3 2 3 5 7
1 3 1 1 1 1 1 1 1 1 1 1 1 5 7
1 3 1 5 6 7 8 9 5 4 3 2 1 5 7
1 3 1 5 1 1 1 1 1 1 1 2 1 5 7
1 3 1 5 1 7 8 9 5 4 1 2 1 5 7
1 3 1 5 1 7 1 1 1 4 1 2 1 5 7
1 3 1 5 1 7 1 9 1 4 1 2 1 5 7
1 3 1 5 1 7 1 9 1 4 1 2 1 5 7
1 3 1 5 1 7 8 9 1 4 1 2 1 5 7
1 3 1 5 1 1 1 1 1 4 1 2 1 5 7
1 3 1 5 6 7 8 9 5 4 1 2 1 5 7
1 3 1 1 1 1 1 1 1 1 1 2 1 5 7
1 3 4 5 6 7 8 9 5 4 3 2 1 5 7
1 1 1 1 1 1 1 1 1 1 1 1 1 5 7
2 3 4 5 6 7 8 9 5 4 3 2 3 5 7
1
15 6 8 7 1 1
1 2 4 5 6 7 8 9 5 4 3 2 3 5 7
1 3 1 1 1 1 1 1 1 1 1 1 1 5 7
1 3 1 5 6 7 8 9 5 4 3 2 1 5 7
1 3 1 5 1 1 1 1 1 1 1 2 1 5 7
1 3 1 5 1 7 8 9 5 4 1 2 1 5 7
1 3 1 5 1 7 1 1 1 4 1 2 1 5 7
1 3 1 5 1 7 1 9 1 4 1 2 1 5 7
1 3 1 5 1 7 1 9 1 4 1 2 1 5 7
1 3 1 5 1 7 8 9 1 4 1 2 1 5 7
1 3 1 5 1 1 1 1 1 4 1 2 1 5 7
1 3 1 5 6 7 8 9 5 4 1 2 1 5 7
1 3 1 1 1 1 1 1 1 1 1 2 1 5 7
1 3 4 5 6 7 8 9 5 4 3 2 1 5 7
1 1 1 1 1 1 1 1 1 1 1 1 1 5 7
2 3 4 5 6 7 8 9 5 4 3 2 3 5 7
1
15 8 8 7 1 1
1 2 4 5 6 7 8 9 5 4 3 2 3 5 7
1 3 1 1 1 1 1 1 1 1 1 1 1 5 7
1 3 1 5 6 7 8 9 5 4 3 2 1 5 7
1 3 1 5 1 1 1 1 1 1 1 2 1 5 7
1 3 1 5 1 7 8 9 5 4 1 2 1 5 7
1 3 1 5 1 7 1 1 1 4 1 2 1 5 7
1 3 1 5 1 7 1 9 1 4 1 2 1 5 7
1 3 1 5 1 7 1 9 1 4 1 2 1 5 7
1 3 1 5 1 7 8 9 1 4 1 2 1 5 7
1 3 1 5 1 1 1 1 1 4 1 2 1 5 7
1 3 1 5 6 7 8 9 5 4 1 2 1 5 7
1 3 1 1 1 1 1 1 1 1 1 2 1 5 7
1 3 4 5 6 7 8 9 5 4 3 2 1 5 7
1 1 1 1 1 1 1 1 1 1 1 1 1 5 7
2 3 4 5 6 7 8 9 5 4 3 2 3 5 7
1
4 8 1 1 4 4
1 9 8 6
4 8 7 2
5 2 2 3
6 4 2 4